0	0.0
4	0.0
8	0.0
12	0.0
16	0.0
20	0.0
24	0.0
28	0.0
32	0.0
36	0.0
40	0.0
44	0.0
48	0.0
52	0.0
56	0.0
60	0.0
64	0.0
68	0.0
72	0.0
76	0.0
80	0.0
84	0.0
88	0.0
92	0.0
96	0.0
100	0.0
104	0.0
108	0.0
112	0.0
116	0.0
120	0.0
124	0.0
128	0.0
132	0.0
136	0.0
140	0.0
144	0.0
148	0.0
152	0.0
156	0.0
160	3.5718242412979417e-12
164	2.018352700847375e-09
168	1.9514177783106787e-09
172	-7.407857101929253e-11
176	-4.0091199471700355e-09
180	-8.676012979055044e-09
184	-7.1815338171703965e-09
188	4.324483082733118e-09
192	2.570717873617644e-08
196	4.747668037373949e-08
200	4.5082709375138244e-08
204	-3.740605769786708e-09
208	-9.445491147310675e-08
212	-1.6182964350605736e-07
216	-1.0108153310513268e-07
220	1.6088730035951287e-07
224	5.729399023127806e-07
228	9.572525556064077e-07
232	1.2060426316057136e-06
236	1.6582599815685313e-06
240	3.446201810732733e-06
244	8.393392095130063e-06
248	1.8124902201305764e-05
252	3.253094741486484e-05
256	4.864710453466335e-05
260	6.20579431069469e-05
264	7.340348885479025e-05
268	0.000101547225372532
272	0.00020188627313821265
276	0.00048382240744933297
280	0.001117372506989421
284	0.0023182234097196526
288	0.004305177024140992
292	0.0072340165273827
296	0.011124007422880366
300	0.015802175088307814
304	0.020890916152260332
308	0.02585393971929199
312	0.030096532257496134
316	0.03309549912921696
320	0.034520619696639894
324	0.03430951909821419
328	0.032672456069449185
332	0.03002715949152
336	0.026887107546631296
340	0.023740156615112817
344	0.020953568333850443
348	0.01872796299995959
352	0.017103280715956026
356	0.016002785711262495
360	0.015292375236455595
364	0.014833606418515386
368	0.014517180754587099
372	0.014274099863579665
376	0.014069959767339954
380	0.013891448569136579
384	0.013733142572385481
388	0.013589215269308808
392	0.013450865415323828
396	0.0133077777454311
400	0.013151044358823064
404	0.012975406524671447
408	0.012779766575162525
412	0.012566039580731854
416	0.012337181990616407
420	0.012095513890635911
424	0.011842158153897478
428	0.011577692195835682
432	0.011303415600043859
436	0.011022269786768537
440	0.01073873795678007
444	0.010457644593081562
448	0.010182463213595202
452	0.00991409722416514
456	0.009650836083862165
460	0.009389541583672554
464	0.009127422195050429
468	0.008863406400883882
472	0.008598384973679273
476	0.00833425042930505
480	0.00807242827607427
484	0.007812909492131967
488	0.007554455243717688
492	0.007295936237299052
496	0.007038006751801823
500	0.006784007295776687
504	0.006539356685479535
508	0.00630948790872187
512	0.0060973120182358
516	0.005901549730361248
520	0.005716907366747031
524	0.005536179608995883
528	0.00535328132627033
532	0.005165732431232926
536	0.004975434041502342
540	0.004787481835492887
544	0.004607754926552491
548	0.0044405116585010205
552	0.004287038500824421
556	0.004145754111024934
560	0.004013388804508401
564	0.003886469220384408
568	0.00376237255499847
572	0.003639645526862996
576	0.0035177749672617234
580	0.0033968187950991604
584	0.0032772286001432416
588	0.003159849367730505
592	0.003045874774834132
596	0.00293655842685862
600	0.002832723552305217
604	0.0027343346056632072
608	0.002640432880653986
612	0.0025495334872762845
616	0.0024602906284556044
620	0.002372074244803917
624	0.002285158928863599
628	0.0022004611841390403
632	0.0021189943684648623
636	0.0020413898529442393
640	0.001967720737987651
644	0.0018976895346202107
648	0.0018309552542664048
652	0.0017673433006579753
656	0.0017067883030341421
660	0.0016490993899033943
664	0.0015937704781195225
668	0.0015400375694519263
672	0.001487187510834521
676	0.001434918169168183
680	0.0013835106327088572
684	0.001333687089907134
688	0.0012862231696087
692	0.0012415268436626928
696	0.001199432118087292
700	0.0011592928401040435
704	0.0011203221504481472
708	0.0010819410064103487
712	0.0010439566345264231
716	0.0010064869927460245
720	0.0009697547320980237
724	0.0009339353874431523
728	0.0008991870554290514
732	0.0008657971903357514
736	0.0008342688608019231
740	0.0008051934732642454
744	0.0007789008035504793
748	0.0007550932041157519
752	0.0007327180756916233
756	0.0007102218088461926
760	0.0006861289736618984
764	0.000659678196217901
768	0.0006312008543672519
772	0.0006020470694682623
776	0.000574074881995098
780	0.0005489628790588588
784	0.0005276503158017241
788	0.0005101455915393671
792	0.0004957135018947402
796	0.0004832820333210774
800	0.0004718184259669398
804	0.0004605456981561188
808	0.00044896339315883294
812	0.0004367929486735081
816	0.00042392173414011064
820	0.00041038940304922625
824	0.00039637184987290574
828	0.0003821245869144958
832	0.0003678824356444285
836	0.0003537736631912086
840	0.000339804873404311
844	0.0003259523616705974
848	0.00031230892644417395
852	0.00029918944140338595
856	0.00028710563834768874
860	0.0002766018886350753
864	0.00026802133655468165
868	0.0002613216960288708
872	0.0002560422382806253
876	0.00025142933599718863
880	0.0002466466366605007
884	0.00024097551566106074
888	0.00023394529638049585
892	0.00022538102510020152
896	0.0002154222538986792
900	0.00020451574646353953
904	0.00019338558932088324
908	0.00018293571792161905
912	0.00017405845408687568
916	0.00016737305547551425
920	0.0001629911047701194
924	0.00016041823992952949
928	0.00015866070562644698
932	0.00015653747391026506
936	0.0001530779445753037
940	0.00014786272499562266
944	0.00014116642517252116
948	0.00013384397148127495
952	0.00012700201416254985
956	0.00012159259344164553
960	0.00011807274807051823
964	0.0001162580222625936
968	0.0001154156052145315
972	0.00011454242432469192
976	0.00011271185874457256
980	0.00010936669420954896
984	0.00010444117402529592
988	9.831981087735584e-05
992	9.165903289035488e-05
996	8.51692938378558e-05
1000	7.943252660528352e-05
1004	7.479943297659268e-05
1008	7.136318969074047e-05
1012	6.899482918996156e-05
1016	6.740737422743302e-05
1020	6.623481560972962e-05
1024	6.512560163358338e-05
1028	6.38314939285945e-05
1032	6.225834241831579e-05
1036	6.0476899686966306e-05
1040	5.865883596164761e-05
1044	5.69813701427752e-05
1048	5.5541887714138704e-05
1052	5.43080337649114e-05
1056	5.3136869467758846e-05
1060	5.184449121847474e-05
1064	5.0281225760571135e-05
1068	4.838335582675652e-05
1072	4.6177012056174224e-05
1076	4.375616511549054e-05
1080	4.124394291622925e-05
1084	3.8763284339983255e-05
1088	3.642567246444887e-05
1092	3.4330392997814276e-05
1096	3.2565557988130924e-05
1100	3.1200939338651126e-05
1104	3.026978792122656e-05
1108	2.975134549871307e-05
1112	2.95440503642505e-05
1116	2.9476393762158337e-05
1120	2.933408692372413e-05
1124	2.8926515605133036e-05
1128	2.8157962139038435e-05
1132	2.7090125162716335e-05
1136	2.594070210969408e-05
1140	2.5009008925836972e-05
1144	2.4542446013444134e-05
1148	2.4591894683225243e-05
1152	2.4939198023399883e-05
1156	2.5147002574896698e-05
1160	2.473402814963761e-05
1164	2.340217643785918e-05
1168	2.1208340619516544e-05
1172	1.8588522234986872e-05
1176	1.621941527360111e-05
1180	1.4752983566009466e-05
1184	1.4555504666741584e-05
1188	1.5555836658593906e-05
1192	1.7278269231719868e-05
1196	1.9037923995261964e-05
1200	2.0219351424781867e-05
1204	2.0499727446688923e-05
1208	1.9933292498304566e-05
1212	1.8865527097779025e-05
1216	1.7735747864897186e-05
1220	1.6860861438151207e-05
1224	1.6315748448821398e-05
1228	1.5928309483487422e-05
1232	1.5405965524852408e-05
1236	1.4502594729480747e-05
1240	1.314900263349125e-05
1244	1.1502725028443457e-05
1248	9.882055028587352e-06
1252	8.6461354561547e-06
1256	8.051113553103088e-06
1260	8.168943735504592e-06
1264	8.86872478663939e-06
1268	9.879293060243266e-06
1272	1.0888193564456882e-05
1276	1.1645425988526737e-05
1280	1.2031379658381866e-05
1284	1.2072442777555124e-05
1288	1.1897160382408993e-05
1292	1.1663989597143663e-05
1296	1.1484027496502719e-05
1300	1.1376133336885311e-05
1304	1.1269472661312205e-05
1308	1.1050450276576912e-05
1312	1.0624347849708187e-05
1316	9.971733666071783e-06
1320	9.161012721204397e-06
1324	8.318840811559284e-06
1328	7.572676210357836e-06
1332	6.995981248868848e-06
1336	6.589532326867379e-06
1340	6.302250747657983e-06
1344	6.074601387465306e-06
1348	5.881012516956448e-06
1352	5.737923447901757e-06
1356	5.666399873827279e-06
1360	5.644727008546752e-06
1364	5.5883473086959515e-06
1368	5.36840168654621e-06
1372	4.890832337752425e-06
1376	4.171808793131139e-06
1380	3.3750836816606612e-06
1384	2.7542338539570457e-06
1388	2.5350316339665973e-06
1392	2.7831285627069758e-06
1396	3.3423800606718196e-06
1400	3.884810149941482e-06
1404	4.070674102634944e-06
1408	3.7262692056487538e-06
1412	2.9567000930398442e-06
1416	2.121553923661795e-06
1420	1.6715300106146414e-06
1424	1.9312962254472277e-06
1428	2.9256473076064567e-06
1432	4.348727201757725e-06
1436	5.682192715314943e-06
1440	6.419781300425811e-06
1444	6.283801544071975e-06
1448	5.3425980569472116e-06
1452	3.973647818048294e-06
1456	2.701633329774596e-06
1460	1.97747504184034e-06
1464	2.0094399931562834e-06
1468	2.692045523999673e-06
1472	3.68284629155816e-06
1476	4.553961776932697e-06
1480	4.965852221917997e-06
1484	4.786050514150093e-06
1488	4.112493429179694e-06
1492	3.2024946435745848e-06
1496	2.34958466521891e-06
1500	1.7646732980999092e-06
1504	1.515630544840955e-06
1508	1.5304088433922995e-06
1512	1.664484330689208e-06
1516	1.777032607575539e-06
1520	1.7947966447050428e-06
1524	1.7339803084344705e-06
1528	1.6725323505088537e-06
1532	1.704208110542171e-06
1536	1.8808579294400425e-06
1540	2.186896339555714e-06
1544	2.5363384671919555e-06
1548	2.8160144600103374e-06
1552	2.940602477856211e-06
1556	2.9084877742485187e-06
1560	2.811138644690793e-06
1564	2.7966866488908996e-06
1568	2.9936315642046806e-06
1572	3.4307547011353077e-06
1576	4.002881412032395e-06
1580	4.490464882302634e-06
1584	4.652288259168066e-06
1588	4.330863764193148e-06
1592	3.5289869321985132e-06
1596	2.4170218696429797e-06
1600	1.2604826238770965e-06
1604	3.186816486781786e-07
1608	-2.5251164187842166e-07
1612	-4.4348595744285853e-07
1616	-3.6178412092613314e-07
1620	-1.6584265054068687e-07
1624	1.1343893513887939e-08
1628	9.971037456043717e-08
1632	1.0016434950612552e-07
1636	5.437158054746635e-08
1640	5.8532947317624625e-09
1644	-1.9812819239282925e-08
1648	-2.0712087705215764e-08
1652	-9.190732980327046e-09
1656	1.5700618977782638e-09
1660	5.178948281643955e-09
1664	3.4091822444984676e-09
1668	8.059302267535585e-10
1672	-5.357714280878331e-10
1676	-1.3595904767267333e-09
1680	3.5718242412979417e-12
1684	6.552721880376893e-10
1688	0.0
1692	0.0
1696	0.0
1700	0.0
1704	0.0
1708	0.0
1712	0.0
1716	0.0
1720	0.0
1724	0.0
1728	0.0
1732	0.0
1736	0.0
1740	0.0
1744	0.0
1748	0.0
1752	0.0
1756	0.0
1760	0.0
1764	0.0
1768	0.0
1772	0.0
1776	0.0
1780	0.0
1784	0.0
1788	0.0
1792	0.0
1796	0.0
1800	0.0
1804	0.0
1808	0.0
1812	0.0
1816	0.0
1820	0.0
1824	0.0
1828	0.0
1832	0.0
1836	0.0
1840	0.0
1844	0.0
1848	0.0
1852	0.0
1856	0.0
1860	0.0
1864	0.0
1868	0.0
1872	0.0
1876	0.0
1880	0.0
1884	0.0
1888	0.0
1892	0.0
1896	0.0
1900	0.0
1904	0.0
1908	0.0
1912	0.0
1916	0.0
1920	0.0
1924	0.0
1928	0.0
1932	0.0
1936	0.0
1940	0.0
1944	0.0
1948	0.0
1952	0.0
1956	0.0
1960	0.0
1964	0.0
1968	0.0
1972	0.0
1976	0.0
1980	0.0
1984	0.0
1988	0.0
1992	0.0
1996	0.0
2000	0.0
2004	0.0
2008	0.0
2012	0.0
2016	0.0
2020	0.0
2024	0.0
2028	0.0
2032	0.0
2036	0.0
2040	0.0
2044	0.0
2048	0.0
2052	0.0
2056	0.0
2060	0.0
2064	0.0
2068	0.0
2072	0.0
2076	0.0
2080	0.0
2084	0.0
2088	0.0
2092	0.0
2096	0.0
2100	0.0
2104	0.0
2108	0.0
2112	0.0
2116	0.0
2120	0.0
2124	0.0
2128	0.0
2132	0.0
2136	0.0
2140	0.0
2144	0.0
2148	0.0
2152	0.0
2156	0.0
2160	0.0
2164	0.0
2168	0.0
2172	0.0
2176	0.0
2180	0.0
2184	0.0
2188	0.0
2192	0.0
2196	0.0
2200	0.0
2204	0.0
2208	0.0
2212	0.0
2216	0.0
2220	0.0
2224	0.0
2228	0.0
2232	0.0
2236	0.0
2240	0.0
2244	0.0
2248	0.0
2252	0.0
2256	0.0
2260	0.0
2264	0.0
2268	0.0
2272	0.0
2276	0.0
2280	0.0
2284	0.0
2288	0.0
2292	0.0
2296	0.0
2300	0.0
2304	0.0
2308	0.0
2312	0.0
2316	0.0
2320	0.0
2324	0.0
2328	0.0
2332	0.0
2336	0.0
2340	0.0
2344	0.0
2348	0.0
2352	0.0
2356	0.0
2360	0.0
2364	0.0
2368	0.0
2372	0.0
2376	0.0
2380	0.0
2384	0.0
2388	0.0
2392	0.0
2396	0.0
2400	0.0
2404	0.0
2408	0.0
2412	0.0
2416	0.0
2420	0.0
2424	0.0
2428	0.0
2432	0.0
2436	0.0
2440	0.0
2444	0.0
2448	0.0
2452	0.0
2456	0.0
2460	0.0
2464	0.0
2468	0.0
2472	0.0
2476	0.0
2480	0.0
2484	0.0
2488	0.0
2492	0.0
2496	0.0
2500	0.0
2504	0.0
2508	0.0
2512	0.0
2516	0.0
2520	0.0
2524	0.0
2528	0.0
2532	0.0
2536	0.0
2540	0.0
2544	0.0
2548	0.0
2552	0.0
2556	0.0
2560	0.0
2564	0.0
2568	0.0
2572	0.0
2576	0.0
2580	0.0
2584	0.0
2588	0.0
2592	0.0
2596	0.0
2600	0.0
2604	0.0
2608	0.0
2612	0.0
2616	0.0
2620	0.0
2624	0.0
2628	0.0
2632	0.0
2636	0.0
2640	0.0
2644	0.0
2648	0.0
2652	0.0
2656	0.0
2660	0.0
2664	0.0
2668	0.0
2672	0.0
2676	0.0
2680	0.0
2684	0.0
2688	0.0
2692	0.0
2696	0.0
2700	0.0
2704	0.0
2708	0.0
2712	0.0
2716	0.0
2720	0.0
2724	0.0
2728	0.0
2732	0.0
2736	0.0
2740	0.0
2744	0.0
2748	0.0
2752	0.0
2756	0.0
2760	0.0
2764	0.0
2768	0.0
2772	0.0
2776	0.0
2780	0.0
2784	0.0
2788	0.0
2792	0.0
2796	0.0
2800	0.0
2804	0.0
2808	0.0
2812	0.0
2816	0.0
2820	0.0
2824	0.0
2828	0.0
2832	0.0
2836	0.0
2840	0.0
2844	0.0
2848	0.0
2852	0.0
2856	0.0
2860	0.0
2864	0.0
2868	0.0
2872	0.0
2876	0.0
2880	0.0
2884	0.0
2888	0.0
2892	0.0
2896	0.0
2900	0.0
2904	0.0
2908	0.0
2912	0.0
2916	0.0
2920	0.0
2924	0.0
2928	0.0
2932	0.0
2936	0.0
2940	0.0
2944	0.0
2948	0.0
2952	0.0
2956	0.0
2960	0.0
2964	0.0
2968	0.0
2972	0.0
2976	0.0
2980	0.0
2984	0.0
2988	0.0
2992	0.0
2996	0.0
3000	0.0
3004	0.0
3008	0.0
3012	0.0
3016	0.0
3020	0.0
3024	0.0
3028	0.0
3032	0.0
3036	0.0
3040	0.0
3044	0.0
3048	0.0
3052	0.0
3056	0.0
3060	0.0
3064	0.0
3068	0.0
3072	0.0
3076	0.0
3080	0.0
3084	0.0
3088	0.0
3092	0.0
3096	0.0
3100	0.0
3104	0.0
3108	0.0
3112	0.0
3116	0.0
3120	0.0
3124	0.0
3128	0.0
3132	0.0
3136	0.0
3140	0.0
3144	0.0
3148	0.0
3152	0.0
3156	0.0
3160	0.0
3164	0.0
3168	0.0
3172	0.0
3176	0.0
3180	0.0
3184	0.0
3188	0.0
3192	0.0
3196	0.0
3200	0.0
3204	0.0
3208	0.0
3212	0.0
3216	0.0
3220	0.0
3224	0.0
3228	0.0
3232	0.0
3236	0.0
3240	0.0
3244	0.0
3248	0.0
3252	0.0
3256	0.0
3260	0.0
3264	0.0
3268	0.0
3272	0.0
3276	0.0
3280	0.0
3284	0.0
3288	0.0
3292	0.0
3296	0.0
3300	0.0
3304	0.0
3308	0.0
3312	0.0
3316	0.0
3320	0.0
3324	0.0
3328	0.0
3332	0.0
3336	0.0
3340	0.0
3344	0.0
3348	0.0
3352	0.0
3356	0.0
3360	0.0
3364	0.0
3368	0.0
3372	0.0
3376	0.0
3380	0.0
3384	0.0
3388	0.0
3392	0.0
3396	0.0
3400	0.0
3404	0.0
3408	0.0
3412	0.0
3416	0.0
3420	0.0
3424	0.0
3428	0.0
3432	0.0
3436	0.0
3440	0.0
3444	0.0
3448	0.0
3452	0.0
3456	0.0
3460	0.0
3464	0.0
3468	0.0
3472	0.0
3476	0.0
3480	0.0
3484	0.0
3488	0.0
3492	0.0
3496	0.0
3500	0.0
3504	0.0
3508	0.0
3512	0.0
3516	0.0
3520	0.0
3524	0.0
3528	0.0
3532	0.0
3536	0.0
3540	0.0
3544	0.0
3548	0.0
3552	0.0
3556	0.0
3560	0.0
3564	0.0
3568	0.0
3572	0.0
3576	0.0
3580	0.0
3584	0.0
3588	0.0
3592	0.0
3596	0.0
3600	0.0
3604	0.0
3608	0.0
3612	0.0
3616	0.0
3620	0.0
3624	0.0
3628	0.0
3632	0.0
3636	0.0
3640	0.0
3644	0.0
3648	0.0
3652	0.0
3656	0.0
3660	0.0
3664	0.0
3668	0.0
3672	0.0
3676	0.0
3680	0.0
3684	0.0
3688	0.0
3692	0.0
3696	0.0
3700	0.0
3704	0.0
3708	0.0
3712	0.0
3716	0.0
3720	0.0
3724	0.0
3728	0.0
3732	0.0
3736	0.0
3740	0.0
3744	0.0
3748	0.0
3752	0.0
3756	0.0
3760	0.0
3764	0.0
3768	0.0
3772	0.0
3776	0.0
3780	0.0
3784	0.0
3788	0.0
3792	0.0
3796	0.0
3800	0.0
3804	0.0
3808	0.0
3812	0.0
3816	0.0
3820	0.0
3824	0.0
3828	0.0
3832	0.0
3836	0.0
3840	0.0
3844	0.0
3848	0.0
3852	0.0
3856	0.0
3860	0.0
3864	0.0
3868	0.0
3872	0.0
3876	0.0
3880	0.0
3884	0.0
3888	0.0
3892	0.0
3896	0.0
3900	0.0
3904	0.0
3908	0.0
3912	0.0
3916	0.0
3920	0.0
3924	0.0
3928	0.0
3932	0.0
3936	0.0
3940	0.0
3944	0.0
3948	0.0
3952	0.0
3956	0.0
3960	0.0
3964	0.0
3968	0.0
3972	0.0
3976	0.0
3980	0.0
3984	0.0
3988	0.0
3992	0.0
3996	0.0
4000	0.0
4004	0.0
4008	0.0
4012	0.0
4016	0.0
4020	0.0
4024	0.0
4028	0.0
4032	0.0
4036	0.0
4040	0.0
4044	0.0
4048	0.0
4052	0.0
4056	0.0
4060	0.0
4064	0.0
4068	0.0
4072	0.0
4076	0.0
4080	0.0
4084	0.0
4088	0.0
4092	0.0
4096	0.0
4100	0.0
4104	0.0
4108	0.0
4112	0.0
4116	0.0
4120	0.0
4124	0.0
4128	0.0
4132	0.0
4136	0.0
4140	0.0
4144	0.0
4148	0.0
4152	0.0
4156	0.0
4160	0.0
4164	0.0
4168	0.0
4172	0.0
4176	0.0
4180	0.0
4184	0.0
4188	0.0
4192	0.0
4196	0.0
4200	0.0
4204	0.0
4208	0.0
4212	0.0
4216	0.0
4220	0.0
4224	0.0
4228	0.0
4232	0.0
4236	0.0
4240	0.0
4244	0.0
4248	0.0
4252	0.0
4256	0.0
4260	0.0
4264	0.0
4268	0.0
4272	0.0
4276	0.0
4280	0.0
4284	0.0
4288	0.0
4292	0.0
4296	0.0
4300	0.0
4304	0.0
4308	0.0
4312	0.0
4316	0.0
4320	0.0
4324	0.0
4328	0.0
4332	0.0
4336	0.0
4340	0.0
4344	0.0
4348	0.0
4352	0.0
4356	0.0
4360	0.0
4364	0.0
4368	0.0
4372	0.0
4376	0.0
4380	0.0
4384	0.0
4388	0.0
4392	0.0
4396	0.0
4400	0.0
4404	0.0
4408	0.0
4412	0.0
4416	0.0
4420	0.0
4424	0.0
4428	0.0
4432	0.0
4436	0.0
4440	0.0
4444	0.0
4448	0.0
4452	0.0
4456	0.0
4460	0.0
4464	0.0
4468	0.0
4472	0.0
4476	0.0
4480	0.0
4484	0.0
4488	0.0
4492	0.0
4496	0.0
4500	0.0
4504	0.0
4508	0.0
4512	0.0
4516	0.0
4520	0.0
4524	0.0
4528	0.0
4532	0.0
4536	0.0
4540	0.0
4544	0.0
4548	0.0
4552	0.0
4556	0.0
4560	0.0
4564	0.0
4568	0.0
4572	0.0
4576	0.0
4580	0.0
4584	0.0
4588	0.0
4592	0.0
4596	0.0
4600	0.0
4604	0.0
4608	0.0
4612	0.0
4616	0.0
4620	0.0
4624	0.0
4628	0.0
4632	0.0
4636	0.0
4640	0.0
4644	0.0
4648	0.0
4652	0.0
4656	0.0
4660	0.0
4664	0.0
4668	0.0
4672	0.0
4676	0.0
4680	0.0
4684	0.0
4688	0.0
4692	0.0
4696	0.0
4700	0.0
4704	0.0
4708	0.0
4712	0.0
4716	0.0
4720	0.0
4724	0.0
4728	0.0
4732	0.0
4736	0.0
4740	0.0
4744	0.0
4748	0.0
4752	0.0
4756	0.0
4760	0.0
4764	0.0
4768	0.0
4772	0.0
4776	0.0
4780	0.0
4784	0.0
4788	0.0
4792	0.0
4796	0.0
4800	0.0
4804	0.0
4808	0.0
4812	0.0
4816	0.0
4820	0.0
4824	0.0
4828	0.0
4832	0.0
4836	0.0
4840	0.0
4844	0.0
4848	0.0
4852	0.0
4856	0.0
4860	0.0
4864	0.0
4868	0.0
4872	0.0
4876	0.0
4880	0.0
4884	0.0
4888	0.0
4892	0.0
4896	0.0
4900	0.0
4904	0.0
4908	0.0
4912	0.0
4916	0.0
4920	0.0
4924	0.0
4928	0.0
4932	0.0
4936	0.0
4940	0.0
4944	0.0
4948	0.0
4952	0.0
4956	0.0
4960	0.0
4964	0.0
4968	0.0
4972	0.0
4976	0.0
4980	0.0
4984	0.0
4988	0.0
4992	0.0
4996	0.0
5000	0.0
5004	0.0
5008	0.0
5012	0.0
5016	0.0
5020	0.0
5024	0.0
5028	0.0
5032	0.0
5036	0.0
5040	0.0
5044	0.0
5048	0.0
5052	0.0
5056	0.0
5060	0.0
5064	0.0
5068	0.0
5072	0.0
5076	0.0
5080	0.0
5084	0.0
5088	0.0
5092	0.0
5096	0.0
5100	0.0
5104	0.0
5108	0.0
5112	0.0
5116	0.0
5120	0.0
5124	0.0
5128	0.0
5132	0.0
5136	0.0
5140	0.0
5144	0.0
5148	0.0
5152	0.0
5156	0.0
5160	0.0
5164	0.0
5168	0.0
5172	0.0
5176	0.0
5180	0.0
5184	0.0
5188	0.0
5192	0.0
5196	0.0
5200	0.0
5204	0.0
5208	0.0
5212	0.0
5216	0.0
5220	0.0
5224	0.0
5228	0.0
5232	0.0
5236	0.0
5240	0.0
5244	0.0
5248	0.0
5252	0.0
5256	0.0
5260	0.0
5264	0.0
5268	0.0
5272	0.0
5276	0.0
5280	0.0
5284	0.0
5288	0.0
5292	0.0
5296	0.0
5300	0.0
5304	0.0
5308	0.0
5312	0.0
5316	0.0
5320	0.0
5324	0.0
5328	0.0
5332	0.0
5336	0.0
5340	0.0
5344	0.0
5348	0.0
5352	0.0
5356	0.0
5360	0.0
5364	0.0
5368	0.0
5372	0.0
5376	0.0
5380	0.0
5384	0.0
5388	0.0
5392	0.0
5396	0.0
5400	0.0
5404	0.0
5408	0.0
5412	0.0
5416	0.0
5420	0.0
5424	0.0
5428	0.0
5432	0.0
5436	0.0
5440	0.0
5444	0.0
5448	0.0
5452	0.0
5456	0.0
5460	0.0
5464	0.0
5468	0.0
5472	0.0
5476	0.0
5480	0.0
5484	0.0
5488	0.0
5492	0.0
5496	0.0
5500	0.0
5504	0.0
5508	0.0
5512	0.0
5516	0.0
5520	0.0
5524	0.0
5528	0.0
5532	0.0
5536	0.0
5540	0.0
5544	0.0
5548	0.0
5552	0.0
5556	0.0
5560	0.0
5564	0.0
5568	0.0
5572	0.0
5576	0.0
5580	0.0
5584	0.0
5588	0.0
5592	0.0
5596	0.0
5600	0.0
5604	0.0
5608	0.0
5612	0.0
5616	0.0
5620	0.0
5624	0.0
5628	0.0
5632	0.0
5636	0.0
5640	0.0
5644	0.0
5648	0.0
5652	0.0
5656	0.0
5660	0.0
5664	0.0
5668	0.0
5672	0.0
5676	0.0
5680	0.0
5684	0.0
5688	0.0
5692	0.0
5696	0.0
5700	0.0
5704	0.0
5708	0.0
5712	0.0
5716	0.0
5720	0.0
5724	0.0
5728	0.0
5732	0.0
5736	0.0
5740	0.0
5744	0.0
5748	0.0
5752	0.0
5756	0.0
5760	0.0
5764	0.0
5768	0.0
5772	0.0
5776	0.0
5780	0.0
5784	0.0
5788	0.0
5792	0.0
5796	0.0
5800	0.0
5804	0.0
5808	0.0
5812	0.0
5816	0.0
5820	0.0
5824	0.0
5828	0.0
5832	0.0
5836	0.0
5840	0.0
5844	0.0
5848	0.0
5852	0.0
5856	0.0
5860	0.0
5864	0.0
5868	0.0
5872	0.0
5876	0.0
5880	0.0
5884	0.0
5888	0.0
5892	0.0
5896	0.0
5900	0.0
5904	0.0
5908	0.0
5912	0.0
5916	0.0
5920	0.0
5924	0.0
5928	0.0
5932	0.0
5936	0.0
5940	0.0
5944	0.0
5948	0.0
5952	0.0
5956	0.0
5960	0.0
5964	0.0
5968	0.0
5972	0.0
5976	0.0
5980	0.0
5984	0.0
5988	0.0
5992	0.0
5996	0.0
6000	0.0
6004	0.0
6008	0.0
6012	0.0
6016	0.0
6020	0.0
6024	0.0
6028	0.0
6032	0.0
6036	0.0
6040	0.0
6044	0.0
6048	0.0
6052	0.0
6056	0.0
6060	0.0
6064	0.0
6068	0.0
6072	0.0
6076	0.0
6080	0.0
6084	0.0
6088	0.0
6092	0.0
6096	0.0
6100	0.0
6104	0.0
6108	0.0
6112	0.0
6116	0.0
6120	0.0
6124	0.0
6128	0.0
6132	0.0
6136	0.0
6140	0.0
6144	0.0
6148	0.0
6152	0.0
6156	0.0
6160	0.0
6164	0.0
6168	0.0
6172	0.0
6176	0.0
6180	0.0
6184	0.0
6188	0.0
6192	0.0
6196	0.0
6200	0.0
6204	0.0
6208	0.0
6212	0.0
6216	0.0
6220	0.0
6224	0.0
6228	0.0
6232	0.0
6236	0.0
6240	0.0
6244	0.0
6248	0.0
6252	0.0
6256	0.0
6260	0.0
6264	0.0
6268	0.0
6272	0.0
6276	0.0
6280	0.0
6284	0.0
6288	0.0
6292	0.0
6296	0.0
6300	0.0
6304	0.0
6308	0.0
6312	0.0
6316	0.0
6320	0.0
6324	0.0
6328	0.0
6332	0.0
6336	0.0
6340	0.0
6344	0.0
6348	0.0
6352	0.0
6356	0.0
6360	0.0
6364	0.0
6368	0.0
6372	0.0
6376	0.0
6380	0.0
6384	0.0
6388	0.0
6392	0.0
6396	0.0
6400	0.0
6404	0.0
6408	0.0
6412	0.0
6416	0.0
6420	0.0
6424	0.0
6428	0.0
6432	0.0
6436	0.0
6440	0.0
6444	0.0
6448	0.0
6452	0.0
6456	0.0
6460	0.0
6464	0.0
6468	0.0
6472	0.0
6476	0.0
6480	0.0
6484	0.0
6488	0.0
6492	0.0
6496	0.0
6500	0.0
6504	0.0
6508	0.0
6512	0.0
6516	0.0
6520	0.0
6524	0.0
6528	0.0
6532	0.0
6536	0.0
6540	0.0
6544	0.0
6548	0.0
6552	0.0
6556	0.0
6560	0.0
6564	0.0
6568	0.0
6572	0.0
6576	0.0
6580	0.0
6584	0.0
6588	0.0
6592	0.0
6596	0.0
6600	0.0
6604	0.0
6608	0.0
6612	0.0
6616	0.0
6620	0.0
6624	0.0
6628	0.0
6632	0.0
6636	0.0
6640	0.0
6644	0.0
6648	0.0
6652	0.0
6656	0.0
6660	0.0
6664	0.0
6668	0.0
6672	0.0
6676	0.0
6680	0.0
6684	0.0
6688	0.0
6692	0.0
6696	0.0
6700	0.0
6704	0.0
6708	0.0
6712	0.0
6716	0.0
6720	0.0
6724	0.0
6728	0.0
6732	0.0
6736	0.0
6740	0.0
6744	0.0
6748	0.0
6752	0.0
6756	0.0
6760	0.0
6764	0.0
6768	0.0
6772	0.0
6776	0.0
6780	0.0
6784	0.0
6788	0.0
6792	0.0
6796	0.0
6800	0.0
6804	0.0
6808	0.0
6812	0.0
6816	0.0
6820	0.0
6824	0.0
6828	0.0
6832	0.0
6836	0.0
6840	0.0
6844	0.0
6848	0.0
6852	0.0
6856	0.0
6860	0.0
6864	0.0
6868	0.0
6872	0.0
6876	0.0
6880	0.0
6884	0.0
6888	0.0
6892	0.0
6896	0.0
6900	0.0
6904	0.0
6908	0.0
6912	0.0
6916	0.0
6920	0.0
6924	0.0
6928	0.0
6932	0.0
6936	0.0
6940	0.0
6944	0.0
6948	0.0
6952	0.0
6956	0.0
6960	0.0
6964	0.0
6968	0.0
6972	0.0
6976	0.0
6980	0.0
6984	0.0
6988	0.0
6992	0.0
6996	0.0
7000	0.0
7004	0.0
7008	0.0
7012	0.0
7016	0.0
7020	0.0
7024	0.0
7028	0.0
7032	0.0
7036	0.0
7040	0.0
7044	0.0
7048	0.0
7052	0.0
7056	0.0
7060	0.0
7064	0.0
7068	0.0
7072	0.0
7076	0.0
7080	0.0
7084	0.0
7088	0.0
7092	0.0
7096	0.0
7100	0.0
7104	0.0
7108	0.0
7112	0.0
7116	0.0
7120	0.0
7124	0.0
7128	0.0
7132	0.0
7136	0.0
7140	0.0
7144	0.0
7148	0.0
7152	0.0
7156	0.0
7160	0.0
7164	0.0
7168	0.0
7172	0.0
7176	0.0
7180	0.0
7184	0.0
7188	0.0
7192	0.0
7196	0.0
7200	0.0
7204	0.0
7208	0.0
7212	0.0
7216	0.0
7220	0.0
7224	0.0
7228	0.0
7232	0.0
7236	0.0
7240	0.0
7244	0.0
7248	0.0
7252	0.0
7256	0.0
7260	0.0
7264	0.0
7268	0.0
7272	0.0
7276	0.0
7280	0.0
7284	0.0
7288	0.0
7292	0.0
7296	0.0
7300	0.0
7304	0.0
7308	0.0
7312	0.0
7316	0.0
7320	0.0
7324	0.0
7328	0.0
7332	0.0
7336	0.0
7340	0.0
7344	0.0
7348	0.0
7352	0.0
7356	0.0
7360	0.0
7364	0.0
7368	0.0
7372	0.0
7376	0.0
7380	0.0
7384	0.0
7388	0.0
7392	0.0
7396	0.0
7400	0.0
7404	0.0
7408	0.0
7412	0.0
7416	0.0
7420	0.0
7424	0.0
7428	0.0
7432	0.0
7436	0.0
7440	0.0
7444	0.0
7448	0.0
7452	0.0
7456	0.0
7460	0.0
7464	0.0
7468	0.0
7472	0.0
7476	0.0
7480	0.0
7484	0.0
7488	0.0
7492	0.0
7496	0.0
7500	0.0
7504	0.0
7508	0.0
7512	0.0
7516	0.0
7520	0.0
7524	0.0
7528	0.0
7532	0.0
7536	0.0
7540	0.0
7544	0.0
7548	0.0
7552	0.0
7556	0.0
7560	0.0
7564	0.0
7568	0.0
7572	0.0
7576	0.0
7580	0.0
7584	0.0
7588	0.0
7592	0.0
7596	0.0
7600	0.0
7604	0.0
7608	0.0
7612	0.0
7616	0.0
7620	0.0
7624	0.0
7628	0.0
7632	0.0
7636	0.0
7640	0.0
7644	0.0
7648	0.0
7652	0.0
7656	0.0
7660	0.0
7664	0.0
7668	0.0
7672	0.0
7676	0.0
7680	0.0
7684	0.0
7688	0.0
7692	0.0
7696	0.0
7700	0.0
7704	0.0
7708	0.0
7712	0.0
7716	0.0
7720	0.0
7724	0.0
7728	0.0
7732	0.0
7736	0.0
7740	0.0
7744	0.0
7748	0.0
7752	0.0
7756	0.0
7760	0.0
7764	0.0
7768	0.0
7772	0.0
7776	0.0
7780	0.0
7784	0.0
7788	0.0
7792	0.0
7796	0.0
7800	0.0
7804	0.0
7808	0.0
7812	0.0
7816	0.0
7820	0.0
7824	0.0
7828	0.0
7832	0.0
7836	0.0
7840	0.0
7844	0.0
7848	0.0
7852	0.0
7856	0.0
7860	0.0
7864	0.0
7868	0.0
7872	0.0
7876	0.0
7880	0.0
7884	0.0
7888	0.0
7892	0.0
7896	0.0
7900	0.0
7904	0.0
7908	0.0
7912	0.0
7916	0.0
7920	0.0
7924	0.0
7928	0.0
7932	0.0
7936	0.0
7940	0.0
7944	0.0
7948	0.0
7952	0.0
7956	0.0
7960	0.0
7964	0.0
7968	0.0
7972	0.0
7976	0.0
7980	0.0
7984	0.0
7988	0.0
7992	0.0
7996	0.0
8000	0.0
8004	0.0
8008	0.0
8012	0.0
8016	0.0
8020	0.0
8024	0.0
8028	0.0
8032	0.0
8036	0.0
8040	0.0
8044	0.0
8048	0.0
8052	0.0
8056	0.0
8060	0.0
8064	0.0
8068	0.0
8072	0.0
8076	0.0
8080	0.0
8084	0.0
8088	0.0
8092	0.0
8096	0.0
8100	0.0
8104	0.0
8108	0.0
8112	0.0
8116	0.0
8120	0.0
8124	0.0
8128	0.0
8132	0.0
8136	0.0
8140	0.0
8144	0.0
8148	0.0
8152	0.0
8156	0.0
8160	0.0
8164	0.0
8168	0.0
8172	0.0
8176	0.0
8180	0.0
8184	0.0
8188	0.0
8192	0.0
8196	0.0
8200	0.0
8204	0.0
8208	0.0
8212	0.0
8216	0.0
8220	0.0
8224	0.0
8228	0.0
8232	0.0
8236	0.0
8240	0.0
8244	0.0
8248	0.0
8252	0.0
8256	0.0
8260	0.0
8264	0.0
8268	0.0
8272	0.0
8276	0.0
8280	0.0
8284	0.0
8288	0.0
8292	0.0
8296	0.0
8300	0.0
8304	0.0
8308	0.0
8312	0.0
8316	0.0
8320	0.0
8324	0.0
8328	0.0
8332	0.0
8336	0.0
8340	0.0
8344	0.0
8348	0.0
8352	0.0
8356	0.0
8360	0.0
8364	0.0
8368	0.0
8372	0.0
8376	0.0
8380	0.0
8384	0.0
8388	0.0
8392	0.0
8396	0.0
8400	0.0
8404	0.0
8408	0.0
8412	0.0
8416	0.0
8420	0.0
8424	0.0
8428	0.0
8432	0.0
8436	0.0
8440	0.0
8444	0.0
8448	0.0
8452	0.0
8456	0.0
8460	0.0
8464	0.0
8468	0.0
8472	0.0
8476	0.0
8480	0.0
8484	0.0
8488	0.0
8492	0.0
8496	0.0
8500	0.0
8504	0.0
8508	0.0
8512	0.0
8516	0.0
8520	0.0
8524	0.0
8528	0.0
8532	0.0
8536	0.0
8540	0.0
8544	0.0
8548	0.0
8552	0.0
8556	0.0
8560	0.0
8564	0.0
8568	0.0
8572	0.0
8576	0.0
8580	0.0
8584	0.0
8588	0.0
8592	0.0
8596	0.0
8600	0.0
8604	0.0
8608	0.0
8612	0.0
8616	0.0
8620	0.0
8624	0.0
8628	0.0
8632	0.0
8636	0.0
8640	0.0
8644	0.0
8648	0.0
8652	0.0
8656	0.0
8660	0.0
8664	0.0
8668	0.0
8672	0.0
8676	0.0
8680	0.0
8684	0.0
8688	0.0
8692	0.0
8696	0.0
8700	0.0
8704	0.0
8708	0.0
8712	0.0
8716	0.0
8720	0.0
8724	0.0
8728	0.0
8732	0.0
8736	0.0
8740	0.0
8744	0.0
8748	0.0
8752	0.0
8756	0.0
8760	0.0
8764	0.0
8768	0.0
8772	0.0
8776	0.0
8780	0.0
8784	0.0
8788	0.0
8792	0.0
8796	0.0
8800	0.0
8804	0.0
8808	0.0
8812	0.0
8816	0.0
8820	0.0
8824	0.0
8828	0.0
8832	0.0
8836	0.0
8840	0.0
8844	0.0
8848	0.0
8852	0.0
8856	0.0
8860	0.0
8864	0.0
8868	0.0
8872	0.0
8876	0.0
8880	0.0
8884	0.0
8888	0.0
8892	0.0
8896	0.0
8900	0.0
8904	0.0
8908	0.0
8912	0.0
8916	0.0
8920	0.0
8924	0.0
8928	0.0
8932	0.0
8936	0.0
8940	0.0
8944	0.0
8948	0.0
8952	0.0
8956	0.0
8960	0.0
8964	0.0
8968	0.0
8972	0.0
8976	0.0
8980	0.0
8984	0.0
8988	0.0
8992	0.0
8996	0.0
9000	0.0
9004	0.0
9008	0.0
9012	0.0
9016	0.0
9020	0.0
9024	0.0
9028	0.0
9032	0.0
9036	0.0
9040	0.0
9044	0.0
9048	0.0
9052	0.0
9056	0.0
9060	0.0
9064	0.0
9068	0.0
9072	0.0
9076	0.0
9080	0.0
9084	0.0
9088	0.0
9092	0.0
9096	0.0
9100	0.0
9104	0.0
9108	0.0
9112	0.0
9116	0.0
9120	0.0
9124	0.0
9128	0.0
9132	0.0
9136	0.0
9140	0.0
9144	0.0
9148	0.0
9152	0.0
9156	0.0
9160	0.0
9164	0.0
9168	0.0
9172	0.0
9176	0.0
9180	0.0
9184	0.0
9188	0.0
9192	0.0
9196	0.0
9200	0.0
9204	0.0
9208	0.0
9212	0.0
9216	0.0
9220	0.0
9224	0.0
9228	0.0
9232	0.0
9236	0.0
9240	0.0
9244	0.0
9248	0.0
9252	0.0
9256	0.0
9260	0.0
9264	0.0
9268	0.0
9272	0.0
9276	0.0
9280	0.0
9284	0.0
9288	0.0
9292	0.0
9296	0.0
9300	0.0
9304	0.0
9308	0.0
9312	0.0
9316	0.0
9320	0.0
9324	0.0
9328	0.0
9332	0.0
9336	0.0
9340	0.0
9344	0.0
9348	0.0
9352	0.0
9356	0.0
9360	0.0
9364	0.0
9368	0.0
9372	0.0
9376	0.0
9380	0.0
9384	0.0
9388	0.0
9392	0.0
9396	0.0
9400	0.0
9404	0.0
9408	0.0
9412	0.0
9416	0.0
9420	0.0
9424	0.0
9428	0.0
9432	0.0
9436	0.0
9440	0.0
9444	0.0
9448	0.0
9452	0.0
9456	0.0
9460	0.0
9464	0.0
9468	0.0
9472	0.0
9476	0.0
9480	0.0
9484	0.0
9488	0.0
9492	0.0
9496	0.0
9500	0.0
9504	0.0
9508	0.0
9512	0.0
9516	0.0
9520	0.0
9524	0.0
9528	0.0
9532	0.0
9536	0.0
9540	0.0
9544	0.0
9548	0.0
9552	0.0
9556	0.0
9560	0.0
9564	0.0
9568	0.0
9572	0.0
9576	0.0
9580	0.0
9584	0.0
9588	0.0
9592	0.0
9596	0.0
9600	0.0
9604	0.0
9608	0.0
9612	0.0
9616	0.0
9620	0.0
9624	0.0
9628	0.0
9632	0.0
9636	0.0
9640	0.0
9644	0.0
9648	0.0
9652	0.0
9656	0.0
9660	0.0
9664	0.0
9668	0.0
9672	0.0
9676	0.0
9680	0.0
9684	0.0
9688	0.0
9692	0.0
9696	0.0
9700	0.0
9704	0.0
9708	0.0
9712	0.0
9716	0.0
9720	0.0
9724	0.0
9728	0.0
9732	0.0
9736	0.0
9740	0.0
9744	0.0
9748	0.0
9752	0.0
9756	0.0
9760	0.0
9764	0.0
9768	0.0
9772	0.0
9776	0.0
9780	0.0
9784	0.0
9788	0.0
9792	0.0
9796	0.0
9800	0.0
9804	0.0
9808	0.0
9812	0.0
9816	0.0
9820	0.0
9824	0.0
9828	0.0
9832	0.0
9836	0.0
9840	0.0
9844	0.0
9848	0.0
9852	0.0
9856	0.0
9860	0.0
9864	0.0
9868	0.0
9872	0.0
9876	0.0
9880	0.0
9884	0.0
9888	0.0
9892	0.0
9896	0.0
9900	0.0
9904	0.0
9908	0.0
9912	0.0
9916	0.0
9920	0.0
9924	0.0
9928	0.0
9932	0.0
9936	0.0
9940	0.0
9944	0.0
9948	0.0
9952	0.0
9956	0.0
9960	0.0
9964	0.0
9968	0.0
9972	0.0
9976	0.0
9980	0.0
9984	0.0
9988	0.0
9992	0.0
9996	0.0
10000	0.0
10004	0.0
10008	0.0
10012	0.0
10016	0.0
10020	0.0
10024	0.0
10028	0.0
10032	0.0
10036	0.0
10040	0.0
10044	0.0
10048	0.0
10052	0.0
10056	0.0
10060	0.0
10064	0.0
10068	0.0
10072	0.0
10076	0.0
10080	0.0
10084	0.0
10088	0.0
10092	0.0
10096	0.0
10100	0.0
10104	0.0
10108	0.0
10112	0.0
10116	0.0
10120	0.0
10124	0.0
10128	0.0
10132	0.0
10136	0.0
10140	0.0
10144	0.0
10148	0.0
10152	0.0
10156	0.0
10160	0.0
10164	0.0
10168	0.0
10172	0.0
10176	0.0
10180	0.0
10184	0.0
10188	0.0
10192	0.0
10196	0.0
10200	0.0
10204	0.0
10208	0.0
10212	0.0
10216	0.0
10220	0.0
10224	0.0
10228	0.0
10232	0.0
10236	0.0
10240	0.0
10244	0.0
10248	0.0
10252	0.0
10256	0.0
10260	0.0
10264	0.0
10268	0.0
10272	0.0
10276	0.0
10280	0.0
10284	0.0
10288	0.0
10292	0.0
10296	0.0
10300	0.0
10304	0.0
10308	0.0
10312	0.0
10316	0.0
10320	0.0
10324	0.0
10328	0.0
10332	0.0
10336	0.0
10340	0.0
10344	0.0
10348	0.0
10352	0.0
10356	0.0
10360	0.0
10364	0.0
10368	0.0
10372	0.0
10376	0.0
10380	0.0
10384	0.0
10388	0.0
10392	0.0
10396	0.0
10400	0.0
10404	0.0
10408	0.0
10412	0.0
10416	0.0
10420	0.0
10424	0.0
10428	0.0
10432	0.0
10436	0.0
10440	0.0
10444	0.0
10448	0.0
10452	0.0
10456	0.0
10460	0.0
10464	0.0
10468	0.0
10472	0.0
10476	0.0
10480	0.0
10484	0.0
10488	0.0
10492	0.0
10496	0.0
10500	0.0
10504	0.0
10508	0.0
10512	0.0
10516	0.0
10520	0.0
10524	0.0
10528	0.0
10532	0.0
10536	0.0
10540	0.0
10544	0.0
10548	0.0
10552	0.0
10556	0.0
10560	0.0
10564	0.0
10568	0.0
10572	0.0
10576	0.0
10580	0.0
10584	0.0
10588	0.0
10592	0.0
10596	0.0
10600	0.0
10604	0.0
10608	0.0
10612	0.0
10616	0.0
10620	0.0
10624	0.0
10628	0.0
10632	0.0
10636	0.0
10640	0.0
10644	0.0
10648	0.0
10652	0.0
10656	0.0
10660	0.0
10664	0.0
10668	0.0
10672	0.0
10676	0.0
10680	0.0
10684	0.0
10688	0.0
10692	0.0
10696	0.0
10700	0.0
10704	0.0
10708	0.0
10712	0.0
10716	0.0
10720	0.0
10724	0.0
10728	0.0
10732	0.0
10736	0.0
10740	0.0
10744	0.0
10748	0.0
10752	0.0
10756	0.0
10760	0.0
10764	0.0
10768	0.0
10772	0.0
10776	0.0
10780	0.0
10784	0.0
10788	0.0
10792	0.0
10796	0.0
10800	0.0
10804	0.0
10808	0.0
10812	0.0
10816	0.0
10820	0.0
10824	0.0
10828	0.0
10832	0.0
10836	0.0
10840	0.0
10844	0.0
10848	0.0
10852	0.0
10856	0.0
10860	0.0
10864	0.0
10868	0.0
10872	0.0
10876	0.0
10880	0.0
10884	0.0
10888	0.0
10892	0.0
10896	0.0
10900	0.0
10904	0.0
10908	0.0
10912	0.0
10916	0.0
10920	0.0
10924	0.0
10928	0.0
10932	0.0
10936	0.0
10940	0.0
10944	0.0
10948	0.0
10952	0.0
10956	0.0
10960	0.0
10964	0.0
10968	0.0
10972	0.0
10976	0.0
10980	0.0
10984	0.0
10988	0.0
10992	0.0
10996	0.0
11000	0.0
11004	0.0
11008	0.0
11012	0.0
11016	0.0
11020	0.0
11024	0.0
11028	0.0
11032	0.0
11036	0.0
11040	0.0
11044	0.0
11048	0.0
11052	0.0
11056	0.0
11060	0.0
11064	0.0
11068	0.0
11072	0.0
11076	0.0
11080	0.0
11084	0.0
11088	0.0
11092	0.0
11096	0.0
11100	0.0
11104	0.0
11108	0.0
11112	0.0
11116	0.0
11120	0.0
11124	0.0
11128	0.0
11132	0.0
11136	0.0
11140	0.0
11144	0.0
11148	0.0
11152	0.0
11156	0.0
11160	0.0
11164	0.0
11168	0.0
11172	0.0
11176	0.0
11180	0.0
11184	0.0
11188	0.0
11192	0.0
11196	0.0
11200	0.0
11204	0.0
11208	0.0
11212	0.0
11216	0.0
11220	0.0
11224	0.0
11228	0.0
11232	0.0
11236	0.0
11240	0.0
11244	0.0
11248	0.0
11252	0.0
11256	0.0
11260	0.0
11264	0.0
11268	0.0
11272	0.0
11276	0.0
11280	0.0
11284	0.0
11288	0.0
11292	0.0
11296	0.0
11300	0.0
11304	0.0
11308	0.0
11312	0.0
11316	0.0
11320	0.0
11324	0.0
11328	0.0
11332	0.0
11336	0.0
11340	0.0
11344	0.0
11348	0.0
11352	0.0
11356	0.0
11360	0.0
11364	0.0
11368	0.0
11372	0.0
11376	0.0
11380	0.0
11384	0.0
11388	0.0
11392	0.0
11396	0.0
11400	0.0
11404	0.0
11408	0.0
11412	0.0
11416	0.0
11420	0.0
11424	0.0
11428	0.0
11432	0.0
11436	0.0
11440	0.0
11444	0.0
11448	0.0
11452	0.0
11456	0.0
11460	0.0
11464	0.0
11468	0.0
11472	0.0
11476	0.0
11480	0.0
11484	0.0
11488	0.0
11492	0.0
11496	0.0
11500	0.0
11504	0.0
11508	0.0
11512	0.0
11516	0.0
11520	0.0
11524	0.0
11528	0.0
11532	0.0
11536	0.0
11540	0.0
11544	0.0
11548	0.0
11552	0.0
11556	0.0
11560	0.0
11564	0.0
11568	0.0
11572	0.0
11576	0.0
11580	0.0
11584	0.0
11588	0.0
11592	0.0
11596	0.0
11600	0.0
11604	0.0
11608	0.0
11612	0.0
11616	0.0
11620	0.0
11624	0.0
11628	0.0
11632	0.0
11636	0.0
11640	0.0
11644	0.0
11648	0.0
11652	0.0
11656	0.0
11660	0.0
11664	0.0
11668	0.0
11672	0.0
11676	0.0
11680	0.0
11684	0.0
11688	0.0
11692	0.0
11696	0.0
11700	0.0
11704	0.0
11708	0.0
11712	0.0
11716	0.0
11720	0.0
11724	0.0
11728	0.0
11732	0.0
11736	0.0
11740	0.0
11744	0.0
11748	0.0
11752	0.0
11756	0.0
11760	0.0
11764	0.0
11768	0.0
11772	0.0
11776	0.0
11780	0.0
11784	0.0
11788	0.0
11792	0.0
11796	0.0
11800	0.0
11804	0.0
11808	0.0
11812	0.0
11816	0.0
11820	0.0
11824	0.0
11828	0.0
11832	0.0
11836	0.0
11840	0.0
11844	0.0
11848	0.0
11852	0.0
11856	0.0
11860	0.0
11864	0.0
11868	0.0
11872	0.0
11876	0.0
11880	0.0
11884	0.0
11888	0.0
11892	0.0
11896	0.0
11900	0.0
11904	0.0
11908	0.0
11912	0.0
11916	0.0
11920	0.0
11924	0.0
11928	0.0
11932	0.0
11936	0.0
11940	0.0
11944	0.0
11948	0.0
11952	0.0
11956	0.0
11960	0.0
11964	0.0
11968	0.0
11972	0.0
11976	0.0
11980	0.0
11984	0.0
11988	0.0
11992	0.0
11996	0.0
12000	0.0
12004	0.0
12008	0.0
12012	0.0
12016	0.0
12020	0.0
12024	0.0
12028	0.0
12032	0.0
12036	0.0
12040	0.0
12044	0.0
12048	0.0
12052	0.0
12056	0.0
12060	0.0
12064	0.0
12068	0.0
12072	0.0
12076	0.0
12080	0.0
12084	0.0
12088	0.0
12092	0.0
12096	0.0
12100	0.0
12104	0.0
12108	0.0
12112	0.0
12116	0.0
12120	0.0
12124	0.0
12128	0.0
12132	0.0
12136	0.0
12140	0.0
12144	0.0
12148	0.0
12152	0.0
12156	0.0
12160	0.0
12164	0.0
12168	0.0
12172	0.0
12176	0.0
12180	0.0
12184	0.0
12188	0.0
12192	0.0
12196	0.0
12200	0.0
12204	0.0
12208	0.0
12212	0.0
12216	0.0
12220	0.0
12224	0.0
12228	0.0
12232	0.0
12236	0.0
12240	0.0
12244	0.0
12248	0.0
12252	0.0
12256	0.0
12260	0.0
12264	0.0
12268	0.0
12272	0.0
12276	0.0
12280	0.0
12284	0.0
12288	0.0
12292	0.0
12296	0.0
12300	0.0
12304	0.0
12308	0.0
12312	0.0
12316	0.0
12320	0.0
12324	0.0
12328	0.0
12332	0.0
12336	0.0
12340	0.0
12344	0.0
12348	0.0
12352	0.0
12356	0.0
12360	0.0
12364	0.0
12368	0.0
12372	0.0
12376	0.0
12380	0.0
12384	0.0
12388	0.0
12392	0.0
12396	0.0
